[0, 0, 1, 1, 2, 2, 3, 3, 
0, 0, 1, 1, 2, 2, 3, 3, 
4, 4, 5, 5, 6, 6, 7, 7, 
4, 4, 5, 5, 6, 6, 7, 7, 
8, 8, 3, 3, 9, 9, 6, 6, 
8, 8, 3, 3, 9, 9, 6, 6, 
10, 10, 7, 7, 11, 11, 12, 12, 
10, 10, 7, 7, 11, 11, 12, 12]

10 -> (91, 127, 0, 255)
8 -> (255, 216, 0, 255)
11 -> (127, 0, 0, 255)
0 -> (255, 0, 0, 255)
3 -> (0, 148, 255, 255)
7 -> (87, 0, 127, 255)
6 -> (72, 0, 255, 255)
9 -> (255, 0, 110, 255)
4 -> (255, 0, 220, 255)
1 -> (255, 106, 0, 255)
12 -> (255, 255, 255, 255)
5 -> (255, 127, 182, 255)
2 -> (0, 255, 33, 255)
